              precision    recall  f1-score   support

    Actor_01     1.0000    0.8333    0.9091         6
    Actor_02     1.0000    0.5000    0.6667         6
    Actor_03     1.0000    0.5000    0.6667         6
    Actor_04     0.3750    1.0000    0.5455         6
    Actor_05     1.0000    0.6667    0.8000         6
    Actor_06     1.0000    0.8333    0.9091         6
    Actor_07     1.0000    0.5000    0.6667         6
    Actor_08     1.0000    0.8333    0.9091         6
    Actor_09     1.0000    1.0000    1.0000         6
    Actor_10     0.8333    0.8333    0.8333         6
    Actor_11     1.0000    0.5000    0.6667         6
    Actor_12     1.0000    0.6667    0.8000         6
    Actor_13     0.7143    0.8333    0.7692         6
    Actor_14     0.2727    0.5000    0.3529         6
    Actor_15     0.7143    0.8333    0.7692         6
    Actor_16     1.0000    0.6667    0.8000         6
    Actor_17     0.6000    1.0000    0.7500         6
    Actor_18     0.8333    0.8333    0.8333         6
    Actor_19     1.0000    0.6667    0.8000         6
    Actor_20     1.0000    0.1667    0.2857         6
    Actor_21     0.8571    1.0000    0.9231         6
    Actor_22     1.0000    1.0000    1.0000         6
    Actor_23     0.5455    1.0000    0.7059         6
    Actor_24     0.8571    1.0000    0.9231         6

    accuracy                         0.7569       144
   macro avg     0.8584    0.7569    0.7619       144
weighted avg     0.8584    0.7569    0.7619       144
