              precision    recall  f1-score   support

    Actor_01     1.0000    0.8333    0.9091         6
    Actor_02     1.0000    0.6667    0.8000         6
    Actor_03     1.0000    0.5000    0.6667         6
    Actor_04     0.5000    1.0000    0.6667         6
    Actor_05     1.0000    0.6667    0.8000         6
    Actor_06     1.0000    0.6667    0.8000         6
    Actor_07     0.8571    1.0000    0.9231         6
    Actor_08     1.0000    1.0000    1.0000         6
    Actor_09     1.0000    0.6667    0.8000         6
    Actor_10     1.0000    0.8333    0.9091         6
    Actor_11     0.8000    0.6667    0.7273         6
    Actor_12     1.0000    0.6667    0.8000         6
    Actor_13     0.8571    1.0000    0.9231         6
    Actor_14     1.0000    0.3333    0.5000         6
    Actor_15     1.0000    0.5000    0.6667         6
    Actor_16     1.0000    1.0000    1.0000         6
    Actor_17     0.6667    1.0000    0.8000         6
    Actor_18     1.0000    0.8333    0.9091         6
    Actor_19     0.5455    1.0000    0.7059         6
    Actor_20     1.0000    0.5000    0.6667         6
    Actor_21     0.8571    1.0000    0.9231         6
    Actor_22     1.0000    1.0000    1.0000         6
    Actor_23     1.0000    1.0000    1.0000         6
    Actor_24     0.3750    1.0000    0.5455         6

    accuracy                         0.8056       144
   macro avg     0.8941    0.8056    0.8101       144
weighted avg     0.8941    0.8056    0.8101       144
